frame num	sponza_full	Sponza_32_16_8	lost_32	lost_32_16_8	san_32	san_32_16_8
1	0.288743	5.59902	0.431795	7.79947	0.228826	4.66862
2	0.30102	7.3533	0.449985	10.27	0.226287	5.77103
3	0.300243	7.49038	0.450828	10.2143	0.228578	5.65304
4	0.300261	7.50083	0.445109	10.1672	0.230451	5.44773
5	0.302355	7.45786	0.450467	10.351	0.230141	5.38478
6	0.302295	7.31346	0.44421	10.2869	0.22968	5.2704
7	0.301966	7.35724	0.449986	10.2391	0.229637	5.43494
8	0.301981	7.4812	0.449341	10.3269	0.229282	5.41777
9	0.302047	7.24649	0.438318	9.70051	0.228976	5.06433
10	0.301827	6.84842	0.403837	9.82538	0.228556	5.16708
11	0.30159	7.21993	0.416415	10.5127	0.227905	5.43685
12	0.300852	7.50316	0.420182	10.4179	0.227431	5.71277
13	0.298199	7.38362	0.44825	10.3292	0.227332	5.7813
14	0.289086	7.38478	0.390494	10.4513	0.227207	5.79033
15	0.284132	7.49817	0.343094	10.4014	0.22654	5.83615
16	0.291132	7.45144	0.371221	10.1658	0.226546	5.80043
17	0.29773	7.50895	0.403383	10.3575	0.225971	5.79299
18	0.298548	7.36246	0.424171	10.5	0.225742	5.97241
19	0.298003	7.51416	0.397377	10.0051	0.226016	6.00382
20	0.297277	7.19333	0.373867	10.3571	0.226386	5.58432
21	0.297408	7.14004	0.39262	10.6014	0.227043	5.95316
22	0.296839	7.39484	0.421357	10.5438	0.227126	6.02347
23	0.296125	7.22697	0.391454	10.6297	0.227898	5.99846
24	0.295579	7.36833	0.397231	10.2563	0.217789	5.89534
25	0.294722	7.33878	0.379689	10.3345	0.192333	5.8595
26	0.294193	7.60817	0.344273	10.5344	0.194567	5.81659
27	0.293856	7.46821	0.369942	10.546	0.196353	5.7794
28	0.292876	7.53855	0.370398	10.5535	0.201901	5.84036
29	0.292041	7.51922	0.370311	10.6187	0.215879	5.96923
30	0.291194	7.66073	0.358868	10.6999	0.216737	5.56275
31	0.29161	7.45376	0.345767	10.6272	0.21734	5.45959
32	0.286875	7.46626	0.363385	10.5703	0.217749	5.50305
33	0.28973	7.44774	0.375405	10.4547	0.232662	5.57364
34	0.289472	7.52298	0.37136	10.6489	0.233569	5.45669
35	0.289341	7.45058	0.36575	10.6307	0.235331	5.41136
36	0.288901	7.45717	0.351822	10.2159	0.235904	5.45876
37	0.288322	7.56549	0.364607	10.4655	0.237033	5.45312
38	0.288229	7.36857	0.345087	10.6272	0.237958	5.64285
39	0.288314	7.64457	0.35446	10.4839	0.239062	5.75828
40	0.287997	7.57333	0.34907	10.4943	0.239278	5.81574
41	0.287946	7.60121	0.35688	10.5691	0.238602	5.92134
42	0.288216	7.5343	0.363205	10.1555	0.238001	5.79508
43	0.288617	7.45203	0.347783	10.3502	0.237724	5.7772
44	0.289339	7.64865	0.368065	10.5236	0.238166	5.66379
45	0.289483	7.46978	0.365614	10.456	0.238291	5.49194
46	0.289917	7.59878	0.369992	10.3802	0.238381	5.40637
47	0.290142	7.52458	0.363487	10.4786	0.238026	5.36437
48	0.290431	7.55118	0.340385	10.4706	0.238152	5.45262
49	0.291266	7.47627	0.354864	10.5692	0.239118	5.49286
50	0.29201	7.42816	0.395071	10.6345	0.240466	5.60688
51	0.292061	7.40599	0.355843	10.6727	0.241811	5.54787
52	0.292326	7.57947	0.36682	10.76	0.242537	5.5284
53	0.293198	7.61688	0.397512	10.7203	0.243939	5.765
54	0.292985	7.39741	0.439175	10.4463	0.244399	5.96739
55	0.293492	7.41412	0.432642	10.7028	0.245041	5.95137
56	0.293767	7.47112	0.439833	10.34	0.24558	5.8842
57	0.293553	7.5649	0.43328	10.5524	0.246583	5.89714
58	0.293305	7.59353	0.428878	10.4205	0.247819	5.98292
59	0.293796	7.57553	0.433696	10.5449	0.247792	6.00628
60	0.289696	7.55905	0.399597	10.4033	0.247632	6.09235
61	0.29401	7.54941	0.402181	10.7029	0.247463	6.09062
62	0.288495	7.60467	0.403047	10.6205	0.247815	6.11703
63	0.294182	7.54812	0.402559	10.4672	0.247406	6.09096
64	0.293667	7.56679	0.405015	10.5062	0.247777	5.94808
65	0.294195	7.57758	0.405806	10.554	0.247827	5.89113
66	0.294167	7.59127	0.40564	10.6599	0.247883	5.89437
67	0.294304	7.44847	0.405949	10.6508	0.24783	5.84581
68	0.293439	7.63059	0.406843	10.5744	0.247723	5.96626
69	0.293787	7.43604	0.407717	10.5609	0.247485	5.99431
70	0.293597	7.44154	0.40799	10.5259	0.246449	5.74549
71	0.293139	7.49708	0.410028	9.7992	0.246556	5.62472
72	0.292736	7.62429	0.409565	9.59009	0.245886	5.53061
73	0.292737	7.61258	0.410261	9.33767	0.245095	5.55415
74	0.292752	7.60325	0.410517	9.92817	0.244241	5.44262
75	0.291362	7.53697	0.427645	9.71505	0.242765	5.50122
76	0.291407	7.55321	0.443937	10.5492	0.24156	5.42822
77	0.29115	7.46358	0.444426	10.3307	0.240339	5.53091
78	0.282564	7.58538	0.443654	10.2305	0.239311	5.59752
79	0.288882	7.57528	0.442849	9.85181	0.239659	5.63408
80	0.289292	7.54047	0.443444	9.90694	0.240141	5.83905
81	0.28911	7.47535	0.443341	9.95487	0.239634	5.92334
82	0.2884	7.48601	0.442938	10.469	0.238923	5.7527
83	0.288701	7.51078	0.444205	10.1809	0.238765	5.86782
84	0.288432	7.55216	0.444053	10.1212	0.238394	5.69089
85	0.287568	7.38292	0.443642	10.0745	0.23824	5.51789
86	0.287976	7.61135	0.443865	10.1972	0.238383	5.45816
87	0.288227	7.43335	0.443249	10.116	0.237496	5.44069
88	0.288431	7.44347	0.443543	9.94721	0.236408	5.40208
89	0.288485	7.42748	0.443861	10.2193	0.235745	5.51893
90	0.289197	7.55162	0.443838	10.0813	0.234528	5.52805
91	0.289706	7.35589	0.444572	9.99362	0.233817	5.60622
92	0.29022	7.3601	0.443863	9.75339	0.233253	5.63412
93	0.288811	7.50471	0.443629	10.2713	0.232548	5.85624
94	0.290327	7.52997	0.44389	9.9952	0.231512	5.99022
95	0.292017	7.46951	0.445038	10.3174	0.232153	5.91111
96	0.292217	7.53997	0.444677	10.4264	0.23227	5.76455
97	0.293289	7.55968	0.443154	10.1434	0.231091	5.85847
98	0.293228	7.52938	0.443771	10.1882	0.230469	5.86179
99	0.293751	7.34647	0.444784	9.95853	0.230082	5.96334
100	0.295003	7.54584	0.444586	10.1289	0.229365	5.91128
101	0.294639	7.51741	0.43826	10.1123	0.228593	6.02771
102	0.295778	7.55878	0.440814	10.2033	0.228283	5.91147
103	0.296301	7.49094	0.434172	10.0423	0.228288	6.05128
104	0.297074	7.60566	0.418848	10.3024	0.223573	5.93972
105	0.295862	7.4928	0.423487	9.96675	0.20533	5.91679
106	0.298394	7.52351	0.426567	9.89525	0.205304	5.95029
107	0.298789	7.51373	0.44322	10.2976	0.205806	5.75613
108	0.298992	7.65049	0.442919	9.76717	0.206725	5.80468
109	0.299549	7.69043	0.431155	9.95495	0.208096	5.87307
110	0.299543	7.68035	0.440448	10.3808	0.208797	6.02336
111	0.301104	7.49897	0.433058	10.1391	0.219708	5.61705
112	0.301615	7.45435	0.442665	10.1899	0.224636	5.56359
113	0.301705	7.45252	0.444944	10.108	0.225279	5.51253
114	0.301562	7.60616	0.446635	10.1176	0.225807	5.56053
115	0.302037	7.51318	0.445644	9.93771	0.23025	5.40678
116	0.302083	7.54187	0.446983	9.94703	0.227748	5.42434
117	0.30181	7.33458	0.44563	10.532	0.228615	5.35608
118	0.301971	7.6002	0.445703	10.1899	0.214791	5.46622
119	0.30071	7.40743	0.447281	10.0941	0.22964	5.58166
120	0.302946	7.61167	0.446042	9.87576	0.230058	5.65936
121	0.302602	7.46119	0.445866	9.91871	0.230819	5.78263
122	0.302593	7.48614	0.445742	10.4464	0.231101	5.9288
123	0.30307	7.36432	0.447693	9.82802	0.231287	5.82613
124	0.303095	7.55685	0.447665	10.1735	0.231028	5.7873
125	0.302701	7.4881	0.276716	10.0985	0.231574	5.63077
126	0.302829	7.47808	0.345813	10.1836	0.231634	5.48708
127	0.302963	7.4649	0.349288	10.1548	0.231556	5.45853
128	0.303046	7.56692	0.384467	10.142	0.231615	5.37512
129	0.302574	7.43085	0.384902	10.1492	0.232689	5.51095
130	0.302607	7.4864	0.388011	10.2591	0.205115	5.44241
131	0.299923	7.52907	0.417775	10.1538	0.198287	5.49522
132	0.301233	7.53029	0.419185	10.1263	0.199366	5.62292
133	0.302083	7.53154	0.41989	10.1429	0.19981	5.57267
134	0.301484	7.44124	0.420258	10.0534	0.208524	5.67772
135	0.301416	7.45612	0.420769	10.2254	0.217153	5.99399
136	0.300181	7.5301	0.421088	10.1403	0.216937	5.79864
137	0.299807	7.33768	0.421175	9.92742	0.217039	5.77188
138	0.300358	7.49661	0.429444	10.2245	0.217211	5.79077
139	0.299262	7.46989	0.445309	10.4863	0.217076	5.90066
140	0.299864	7.37696	0.445878	10.2024	0.222524	6.03662
141	0.299634	7.56717	0.446174	10.116	0.228364	6.04478
142	0.299201	7.5208	0.446361	10.1334	0.227929	6.11009
143	0.298639	7.47824	0.445194	9.80038	0.22749	6.10497
144	0.298769	7.52485	0.445513	10.0373	0.2275	5.97534
145	0.297651	7.5891	0.445787	9.99878	0.228201	5.96598
146	0.297791	7.50578	0.44443	10.149	0.228729	5.84573
147	0.297373	7.4682	0.444297	10.4363	0.229192	5.84678
148	0.297135	7.61678	0.444879	10.2024	0.228584	5.85842
149	0.295909	7.53292	0.444634	9.96098	0.227859	5.91219
150	0.29601	7.41212	0.44352	10.2195	0.228339	5.97541
151	0.294798	7.51962	0.443108	10.3144	0.229069	5.66709
152	0.291974	7.35836	0.44504	10.1764	0.229935	5.52805
153	0.293996	7.51972	0.444501	10.0769	0.230318	5.51224
154	0.292925	7.49743	0.444445	9.97917	0.230954	5.54021
155	0.292889	7.52027	0.443975	10.2289	0.232081	5.45385
156	0.291718	7.43749	0.444503	10.3384	0.232247	5.46211
157	0.291766	7.54639	0.443086	10.1301	0.231653	5.36664
158	0.291093	7.46921	0.444767	10.0631	0.232151	5.43861
159	0.290478	7.46483	0.44453	9.91462	0.233405	5.65022
160	0.289637	7.39326	0.444748	10.2187	0.233998	5.70331
161	0.289258	7.54604	0.444128	10.2271	0.234657	5.81606
162	0.289799	7.51553	0.443212	10.1831	0.235614	5.75883
163	0.289972	7.52147	0.443708	10.1625	0.236448	5.82252
164	0.288258	7.4585	0.443702	10.0982	0.237486	5.74459
165	0.280719	7.62537	0.443632	10.0449	0.238594	5.6023
166	0.281628	7.4411	0.442275	9.4598	0.239181	5.46361
167	0.281523	7.34313	0.443334	9.68192	0.238935	5.36611
168	0.282393	7.56151	0.441907	9.70411	0.238463	5.37397
169	0.283013	7.53017	0.442717	9.41796	0.238998	5.42989
170	0.28388	7.5805	0.443763	9.60748	0.239208	5.47198
171	0.284661	7.62396	0.443669	10.1145	0.239506	5.54378
172	0.284844	7.54656	0.443823	9.9805	0.239429	5.54802
173	0.286146	7.47729	0.420952	9.86773	0.239153	5.66542
174	0.286336	7.6481	0.443389	10.493	0.23966	6.0128
175	0.287506	7.50262	0.445147	10.1758	0.241463	5.96981
176	0.287853	7.63459	0.444479	10.0899	0.243105	5.91819
177	0.28846	7.54045	0.444434	9.81156	0.243879	5.81124
178	0.289427	7.53565	0.445158	10.2564	0.245479	5.94282
179	0.293212	7.49369	0.444327	10.0485	0.246354	5.94998
180	0.291144	7.58975	0.446607	10.0268	0.246883	5.98862
181	0.292413	7.51341	0.447537	10.0153	0.247301	6.04425
182	0.29259	7.51893	0.447333	9.94057	0.24785	6.09572
183	0.292225	7.55963	0.449402	10.0155	0.247971	6.10452
184	0.291833	7.541	0.446755	10.2538	0.248292	5.9191
185	0.288545	7.53496	0.426019	10.1954	0.248233	5.90748
186	0.292705	7.50408	0.387923	10.1249	0.248294	5.82504
187	0.292258	7.39834	0.390865	10.1963	0.248318	5.87981
188	0.292816	7.47859	0.392705	10.0887	0.24809	5.85814
189	0.28906	7.53688	0.393542	10.1859	0.248261	6.01888
190	0.292151	7.63803	0.394554	10.1955	0.248492	5.92476
191	0.292462	7.54309	0.395228	9.99218	0.247997	5.65578
192	0.292296	7.59401	0.396948	10.2714	0.24845	5.5307
193	0.292542	7.49472	0.398007	10.4698	0.248363	5.39215
194	0.292336	7.6431	0.396642	9.96655	0.248185	5.46707
195	0.291558	7.32345	0.424342	9.42047	0.247806	5.43505
196	0.29157	7.49651	0.428172	9.63934	0.247317	5.3716
197	0.291524	7.35826	0.427205	10.0322	0.246509	5.40938
198	0.291758	7.50425	0.439884	10.0356	0.24632	5.47382
199	0.291127	7.38785	0.439147	10.2316	0.245342	5.60682
