frame num	sponza_full	Sponza_32_16_8	lost_32	lost_32_16_8	san_32	san_32_16_8
1	3463.287422	178.602684	2315.913802	128.2138402	4370.132765	214.1960579
2	3322.038403	135.9933635	2222.296299	97.37098345	4419.16681	173.2792933
3	3330.635519	133.5045752	2218.140843	97.90196098	4374.874222	176.895971
4	3330.435854	133.3185794	2246.64071	98.35549611	4339.317252	183.5626949
5	3307.370475	134.0867219	2219.91844	96.60902328	4345.162314	185.7086083
6	3308.026927	136.734186	2251.187501	97.21101595	4353.883664	189.7389192
7	3311.631111	135.9205354	2222.29136	97.66483382	4354.698938	183.9946715
8	3311.466615	133.6683954	2225.481316	96.83448082	4361.441369	184.5777875
9	3310.74303	137.9978445	2281.448629	103.0873634	4367.269932	197.4594862
10	3313.156212	146.0190818	2476.246604	101.7772341	4375.295332	193.5329045
11	3315.759806	138.505498	2401.450476	95.12304165	4387.793159	183.930033
12	3323.893476	133.2771792	2379.921082	95.98863495	4396.937972	175.0464311
13	3353.465303	135.4349222	2230.897936	96.81291872	4398.852779	172.971477
14	3459.178238	135.4136481	2560.85881	95.6818769	4401.272848	172.7017286
15	3519.490941	133.3658746	2914.653127	96.14090411	4414.231482	171.3458359
16	3434.868032	134.2022482	2693.813119	98.3690413	4414.114573	172.4010116
17	3358.747859	133.1744119	2479.033574	96.54839488	4425.346615	172.6224281
18	3349.545132	135.8241675	2357.539766	95.23809524	4429.83583	167.4365959
19	3355.670916	133.0820744	2516.501962	99.949026	4424.465525	166.5606231
20	3363.866024	139.0176733	2674.747972	96.55212366	4417.234281	179.0728325
21	3362.384334	140.0552378	2546.992002	94.32716434	4404.45202	167.978015
22	3368.829568	135.2294303	2373.284412	94.84246666	4402.842475	166.0172625
23	3376.952301	138.3705758	2554.578571	94.07603225	4387.927933	166.7094554
24	3383.190281	135.7159628	2517.426888	97.50104814	4591.600127	169.6255008
25	3393.028006	136.2624305	2633.734451	96.76326866	5199.31577	170.6630259
26	3399.129143	131.4376519	2904.671583	94.92709599	5139.617715	171.9220368
27	3403.027333	133.9008946	2703.126436	94.82268159	5092.868456	173.028342
28	3414.414291	132.6515046	2699.798595	94.75529445	4952.922472	171.2223219
29	3424.176742	132.9925178	2700.432879	94.1734864	4632.224533	167.5257948
30	3434.136692	130.5358628	2786.539898	93.45881737	4613.886877	179.7672015
31	3429.23768	134.1604774	2892.120995	94.0981632	4601.085856	183.1639372
32	3485.83878	133.9358661	2751.902252	94.60469428	4592.443593	181.7174113
33	3451.489318	134.2689192	2663.789774	95.65075995	4298.080477	179.4159652
34	3454.565554	132.9260479	2692.804826	93.90641287	4281.390082	183.2612811
35	3456.129619	134.2177388	2734.107997	94.06718278	4249.333917	184.7964283
36	3461.393349	134.0991288	2842.346414	97.88662771	4239.01248	183.1917871
37	3468.34442	132.179145	2742.679104	95.55205198	4218.821852	183.381257
38	3469.463517	135.7115424	2897.81997	94.0981632	4202.422276	177.2154142
39	3468.440658	130.811805	2821.1928	95.38435124	4183.015285	173.6629688
40	3472.258392	132.0423116	2864.75492	95.289824	4179.239211	171.9471641
41	3472.873386	131.5580019	2802.062318	94.61543556	4191.079706	168.8806925
42	3469.620007	132.7263316	2753.266062	98.46881	4201.663018	172.5601717
43	3464.799371	134.191623	2875.356185	96.6164905	4206.558867	173.0942325
44	3456.153509	130.7420264	2716.911415	95.02451633	4198.752131	176.5602185
45	3454.434285	133.8727513	2735.125023	95.63886764	4196.549597	182.0850191
46	3449.263065	131.6000726	2702.761141	96.33725747	4194.965203	184.9669926
47	3446.588222	132.897783	2751.130027	95.43259596	4201.221715	186.4151802
48	3443.158616	132.4296335	2937.849788	95.50551067	4198.998959	183.3980729
49	3433.287785	133.756539	2817.980973	94.61454036	4182.035648	182.0545217
50	3424.540255	134.6228406	2531.190596	94.03356998	4158.592067	178.35231
51	3423.942259	135.0258372	2810.228106	93.69700263	4135.461166	180.249357
52	3420.838379	131.9353464	2726.132708	92.93680297	4123.082251	180.8841618
53	3410.664466	131.2873513	2515.647326	93.28097161	4099.385502	173.4605377
54	3413.144018	135.182449	2276.996641	95.72767391	4091.66977	167.5774501
55	3407.247898	134.8777738	2311.379848	93.43349404	4080.949719	168.028538
56	3404.058318	133.8487402	2273.590204	96.71179884	4071.992833	169.9466368
57	3406.539875	132.1894539	2307.976366	94.7651719	4055.429612	169.5737256
58	3409.420228	131.691058	2331.665415	95.964685	4035.203112	167.1424656
59	3403.722311	132.0039654	2305.762562	94.83257309	4035.642797	166.4924046
60	3451.8944	132.2917562	2502.52129	96.12334548	4038.250307	164.1402743
61	3401.244856	132.4606824	2486.442671	93.43262107	4041.008151	164.1868972
62	3466.26458	131.4981452	2481.100219	94.15752554	4035.268244	163.4780277
63	3399.256243	132.4833203	2484.10792	95.53653317	4041.939161	164.1777322
64	3405.217474	132.1564362	2469.044356	95.1818926	4035.887108	168.1214779
65	3399.106035	131.9682537	2464.231677	94.75080538	4035.072853	169.7467209
66	3399.429576	131.7302638	2465.240114	93.80951041	4034.161278	169.653415
67	3397.847124	134.2557599	2463.363624	93.88966087	4035.024008	171.0626928
68	3407.863304	131.0514652	2457.95061	94.56801332	4036.766873	167.609189
69	3403.826582	134.4801803	2452.681639	94.68889962	4040.648928	166.8248723
70	3406.029353	134.3807868	2451.040467	95.00375265	4057.634642	174.0495589
71	3411.350929	133.3852647	2438.857834	102.0491469	4055.873716	177.7866276
72	3416.047223	131.1597539	2441.614884	104.2743082	4066.925323	180.8118815
73	3416.035554	131.3615095	2437.472731	107.0930971	4080.050593	180.0455515
74	3415.860524	131.5227041	2435.952713	100.7234969	4094.316679	183.7350394
75	3432.156561	132.6793128	2338.388149	102.9330781	4119.209936	181.7778602
76	3431.626557	132.3940417	2252.571874	94.79391802	4139.758238	184.2224523
77	3434.655676	133.9839594	2250.093379	96.79886165	4160.789551	180.8020742
78	3539.021248	131.8325516	2254.008755	97.74693319	4178.662911	178.6505452
79	3461.621008	132.0083218	2258.106036	101.5041906	4172.595229	177.4912674
80	3456.715015	132.6177281	2255.076176	100.9393415	4164.220187	171.2607359
81	3458.89108	133.7730006	2255.600091	100.453346	4173.030538	168.8236704
82	3467.40638	133.5825092	2257.652313	95.52010698	4185.448868	173.8314183
83	3463.791258	133.141964	2251.212841	98.22314334	4188.218541	170.4210422
84	3467.02169	132.4124489	2251.983434	98.80251354	4194.736445	175.7194393
85	3477.43838	135.4477632	2254.069723	99.26050921	4197.447952	181.2286943
86	3472.511598	131.3827376	2252.937267	98.0661358	4194.930008	183.2119249
87	3469.487591	134.5288463	2256.06826	98.8533017	4210.597231	183.8002165
88	3467.03371	134.3459435	2254.572837	100.5307016	4229.975297	185.1138821
89	3466.384734	134.6351656	2252.95757	97.85406045	4241.871514	181.1945431
90	3457.850531	132.4219174	2253.07432	99.19355639	4263.883204	180.8956142
91	3451.775248	135.9454804	2249.354435	100.0638407	4276.848989	178.3733068
92	3445.661912	135.8677192	2252.947418	102.5284542	4287.190304	177.4900073
93	3462.471997	133.2496526	2254.135776	97.35865957	4300.187488	170.758029
94	3444.392013	132.8026539	2252.810381	100.0480231	4319.430526	166.9387769
95	3424.458165	133.8775904	2246.999133	96.92364355	4307.504103	169.1729641
96	3422.114388	132.6265224	2248.823303	95.91038134	4305.334309	173.4740786
97	3409.606225	132.2807315	2256.551898	98.58627285	4327.299635	170.6930308
98	3410.315522	132.8130603	2253.414486	98.15276496	4338.978344	170.5963537
99	3404.24373	136.1197963	2248.282312	100.4164269	4346.276545	167.6912603
100	3389.796036	132.5233506	2249.283603	98.72740377	4359.8631	169.168099
101	3393.983824	133.024539	2281.750559	98.88947124	4374.587148	165.9004829
102	3380.914064	132.2964817	2268.530491	98.00750738	4380.527678	169.1626617
103	3374.946423	133.4945948	2303.234663	99.57878175	4380.431735	165.2542933
104	3366.164659	131.4810286	2387.500955	97.06476161	4472.812012	168.3581044
105	3379.954168	133.4614563	2361.347574	100.3336093	4870.208932	169.0105615
106	3351.273819	132.9166838	2344.297613	101.0585887	4870.825702	168.0590358
107	3346.843425	133.0896905	2256.215875	97.11000622	4858.944832	173.7278345
108	3344.571092	130.7105819	2257.74916	102.3838021	4837.344298	172.2747852
109	3338.351989	130.0317407	2319.351509	100.4525387	4805.474396	170.268701
110	3338.418858	130.2023996	2270.415577	96.33168927	4789.340843	166.0202943
111	3321.111642	133.351647	2309.159512	98.62808336	4551.495621	178.0293927
112	3315.484973	134.1498588	2259.04465	98.13638995	4451.646219	179.7400599
113	3314.495948	134.1827999	2247.473839	98.93153937	4438.940159	181.4049085
114	3316.067674	131.4723855	2238.964703	98.83766901	4428.560673	179.8389722
115	3310.852644	133.0994333	2243.943596	100.6268044	4343.10532	184.9529665
116	3310.34848	132.5931102	2237.22155	100.5325208	4390.817922	184.3542256
117	3313.342832	136.3404585	2244.014092	94.94872769	4374.166175	186.7037087
118	3311.576277	131.5754849	2243.646554	98.13638995	4655.688553	182.941777
119	3325.463071	134.9995883	2235.731006	99.06777226	4354.642048	179.1581716
120	3300.918315	131.3772142	2241.941342	101.2580298	4346.729955	176.6984253
121	3304.670822	134.0268778	2242.82632	100.8195622	4332.398979	172.9316937
122	3304.769112	133.5801895	2243.450247	95.72675754	4327.112388	168.6681959
123	3299.567757	135.7898625	2233.673522	101.7498947	4323.632543	171.640523
124	3299.2956	132.3302699	2233.813231	98.29458888	4328.479665	172.7921483
125	3303.590011	133.5452251	3613.81344	99.02460761	4318.274072	177.5956042
126	3302.193647	133.7241645	2891.736285	98.19710122	4317.155513	182.2462949
127	3300.733093	133.9602674	2862.96695	98.47559775	4318.609753	183.1995061
128	3299.829069	132.1541658	2601.003467	98.59988168	4317.50966	186.0423581
129	3304.976634	134.5741066	2598.063923	98.52993339	4297.581751	181.4569176
130	3304.616218	133.5755503	2577.246521	97.47443733	4875.313848	183.7421289
131	3334.189109	132.8185287	2393.632936	98.48529615	5043.194965	181.9763358
132	3319.68941	132.7970105	2385.581545	98.75275273	5015.900404	177.8435404
133	3310.34848	132.7749703	2381.576127	98.59113271	5004.754517	179.447195
134	3316.925608	134.3862044	2379.490694	99.46883641	4795.611057	176.1270369
135	3317.673912	134.1180131	2376.600938	97.79568525	4605.048054	166.8337785
136	3331.323435	132.8003612	2374.800517	98.61641174	4609.633211	172.4542306
137	3335.479158	136.2828578	2374.309966	100.7311064	4607.466861	173.2537752
138	3329.360297	133.3936273	2328.592319	97.80429361	4603.818407	172.6886062
139	3341.553555	133.8707799	2245.631685	95.36252062	4606.681531	169.4725675
140	3334.84513	135.5571943	2242.765958	98.01615306	4493.897287	165.6556152
141	3337.404967	132.1497997	2241.278066	98.8533017	4378.973919	165.4319926
142	3342.234819	132.9645782	2240.339098	98.68356129	4387.331143	163.6637104
143	3348.524473	133.7213034	2246.211764	102.0368598	4395.797617	163.8009687
144	3347.067467	132.8930145	2244.603412	99.62838612	4395.604396	167.3544936
145	3359.639309	131.7679303	2243.223782	100.0122015	4382.101744	167.6170554
146	3358.059847	133.2306569	2250.073127	98.53187506	4371.986062	171.0650338
147	3362.780078	133.9010739	2250.746685	95.8193996	4363.154037	171.0343129
148	3365.473606	131.2890749	2247.802211	98.01615306	4374.759388	170.6944876
149	3379.417321	132.7506465	2249.040784	100.3917285	4388.678964	169.1420607
150	3378.264248	134.9141676	2254.689755	97.85214541	4379.453357	167.3525331
151	3392.153271	132.9854434	2256.786156	96.95183433	4365.496859	176.4574058
152	3424.962497	135.8998472	2246.989035	98.26657757	4349.055168	180.8956142
153	3401.406822	132.9836749	2249.713724	99.23686848	4341.823045	181.4144522
154	3413.843134	133.3790379	2249.997188	100.2087348	4329.866554	180.4985732
155	3414.262741	132.9739491	2252.379075	97.76222272	4308.840448	183.3567113
156	3427.968106	134.4539623	2249.703602	96.72676623	4305.760677	183.0794327
157	3427.404153	132.513692	2256.898209	98.71570863	4316.801423	186.3363296
158	3435.328228	133.8829675	2248.368247	99.37295664	4307.541212	183.870511
159	3442.601505	133.9615236	2249.566958	100.8611525	4284.398363	176.984259
160	3452.597562	135.2583299	2248.464299	97.85980604	4273.540799	175.3367781
161	3457.121324	132.5198382	2251.603141	97.77942916	4261.539183	171.9377035
162	3450.667532	133.057815	2256.2566	98.20192279	4244.229969	173.646383
163	3448.608831	132.952734	2253.734438	98.40098401	4229.25971	171.7469412
164	3469.114474	134.0752162	2253.764914	99.02754946	4210.77453	174.0768271
165	3562.281142	131.1411774	2254.120532	99.553007	4191.220232	178.4981168
166	3550.783303	134.3887328	2261.036685	105.7104801	4180.934104	183.0291694
167	3552.107643	136.18171	2255.635706	103.2852988	4185.238663	186.3547337
168	3541.164264	132.2487175	2262.919574	103.0491204	4193.522685	186.0821702
169	3533.406593	132.7991267	2258.77931	106.1801069	4184.135432	184.1657934
170	3522.61519	131.9174197	2253.45511	104.0855667	4180.462192	182.749206
171	3512.950492	131.1654311	2253.932549	98.86796184	4175.260745	180.3823384
172	3510.693573	132.5107069	2253.150468	100.195381	4176.603502	180.2444836
173	3494.719479	133.7382929	2375.567761	101.3404299	4181.423607	176.5094203
174	3492.400536	130.7514285	2255.355906	95.30162966	4172.577819	166.311868
175	3478.188281	133.2867718	2246.448926	98.27237171	4141.421253	167.5095187
176	3473.995407	130.9828033	2249.825076	99.10901	4113.448921	168.9705805
177	3466.685156	132.6180798	2250.052876	101.9205916	4100.394048	172.0803133
178	3455.102668	132.7025539	2246.393415	97.5000975	4073.668216	168.2702825
179	3410.501617	133.4456056	2250.59472	99.5173409	4059.199364	168.0677918
180	3434.726458	131.7566455	2239.105074	99.73271632	4050.501655	166.9833785
181	3419.820596	133.0953588	2234.452124	99.84723373	4043.655303	165.4464987
182	3417.751803	132.9976473	2235.471114	100.597853	4034.698406	164.0495298
183	3422.020703	132.2816064	2225.179238	99.84523988	4032.729634	163.8130434
184	3426.617278	132.6084074	2238.363309	97.52482007	4027.515989	168.9446031
185	3465.663935	132.7147059	2347.313148	98.0834494	4028.473249	169.2769167
186	3416.409012	133.2608394	2577.831168	98.76640757	4027.483548	171.6726409
187	3421.634309	135.165456	2558.428102	98.07479184	4027.09429	170.0735228
188	3415.113928	133.7150452	2546.440712	99.12079852	4030.795276	170.7026462
189	3459.489379	132.6808971	2541.024846	98.17492809	4028.018899	166.1438673
190	3422.887479	130.9238115	2534.507317	98.08248737	4024.274423	168.7832081
191	3419.247629	132.5716649	2530.185108	100.0782612	4032.306842	176.810272
192	3421.189479	131.6827342	2519.221661	97.3577117	4024.954719	180.8089392
193	3418.312584	133.4272661	2512.518624	95.51280827	4026.364636	185.4547815
194	3420.721362	130.8369641	2521.165182	100.3356227	4029.252372	182.9133338
195	3429.849292	136.5476654	2356.589732	106.1518162	4035.4148	183.9909476
196	3429.708132	133.3954067	2335.510029	103.7415425	4043.393701	186.1642714
197	3430.249311	135.9016942	2340.796573	99.67903351	4056.647019	184.8640694
198	3427.498132	133.2578206	2273.326604	99.64526286	4059.759662	182.6877756
199	3434.927025	135.3573773	2277.141823	97.73642441	4075.942969	178.3542186
